6 types (quantile)
--------------
type_space = [-0.6226600904206516, 0.0, 0.133576566862604, 0.5585342340982945, 1.013324787303958, 1.592738844284043]
discretization_table = Dict([0.3901030168037898, 0.8191380785134041] => 0.5585342340982945, [0.013411210659969, 0.3901030168037898] => 0.133576566862604, [-0.06459986744758674, 0.013411210659969] => 0.0, [-5.7429821755606145, -0.06459986744758674] => -0.6226600904206516, [0.8191380785134041, 1.3053037995630916] => 1.013324787303958, [1.3053037995630916, 3.1370222155629772] => 1.592738844284043)
Γ = [-0.0068891036682893906 0.00313141075831336 0.002423439630346861 0.0012525643033253439 5.445931753588452e-5 2.722965876794226e-5; 0.33756796817129936 -0.43977280282523945 0.09169233737524914 0.00817638677231521 0.0023361105063757744 0.0; 0.2553952311506054 0.04078348261808817 -0.3289867597859112 0.0266452086438176 0.006162837373399989 0.0; 0.18551354752827784 0.014667249731371894 0.08365764661597302 -0.3142594062814311 0.026618342105082324 0.0038026203007260465; 0.12177849657539505 0.006370706058270163 0.060031653241391925 0.09678572665448902 -0.3055488636408805 0.020582281111334373; 0.08130762792811702 0.0011292726101127363 0.011292726101127365 0.04686481331967856 0.0993759896899208 -0.23997042964895648]

8 types (quantile)
--------------
type_space = [-0.9515369147366288, -0.07374813752966955, 0.0, 0.18401735874506064, 0.4942458884730887, 0.8592308603857539, 1.2483670286684694, 1.6914877080237338]
discretization_table = Dict([1.0141709439696445, 1.415531691270027] => 1.2483670286684694, [0.3901030168037898, 0.7080866554548955] => 0.4942458884730887, [0.07245057900001671, 0.3901030168037898] => 0.18401735874506064, [-0.25754904577683513, 0.0] => -0.07374813752966955, [0.7080866554548955, 1.0141709439696445] => 0.8592308603857539, [-5.7429821755606145, -0.25754904577683513] => -0.9515369147366288, [1.415531691270027, 3.1370222155629772] => 1.6914877080237338, [0.0, 0.07245057900001671] => 0.0)
Γ = [-0.005489232980530103 0.0036199266141874204 0.00050441600361628 0.0007417882406121763 0.00050441600361628 5.9343059248974105e-5 5.9343059248974105e-5 0.0; 0.2677632937547657 -0.3239448241150293 0.030104820042103506 0.01611243889577371 0.007420202123053681 0.0025440692993326905 0.0 0.0; 0.24602743740472527 0.17892904538525475 -0.4823628848510826 0.04659610556907676 0.0033549196009735266 0.007455376891052281 0.0 0.0; 0.19498930529740297 0.04582592368916639 0.030015980016403983 -0.30245109634849815 0.02130905451546237 0.004124333132024975 0.006186499698037462 0.0; 0.14970625084078984 0.061311856500122476 0.0067706344601362245 0.07033936911363743 -0.3208528441386777 0.022192635174890958 0.00865136625461851 0.0018807317944822845; 0.1078484032580376 0.025596931153015253 0.014334281445688542 0.06962365273620148 0.06484555892097198 -0.3167193614666421 0.0269621008145094 0.007508433138217807; 0.10217212950195853 0.006591750290448938 0.0014648333978775417 0.03295875145224469 0.06994579474865262 0.06664991960342814 -0.3035867217101205 0.023803542715510054; 0.08483126555136185 0.010603908193920231 0.004241563277568093 0.004241563277568093 0.01696625311027237 0.041001778349824894 0.0827104839125778 -0.24459681567309333]

6 types (manual)
--------------
type_space = [-2.4270176906430416, -1.4399117849363843, -0.2222600419251854, 0.28914500662573894, 1.3526378568771724, 2.1758707012574643]
discretization_table = Dict([2.0, Inf] => 2.1758707012574643, [-1.0, 0.0] => -0.2222600419251854, [-2.0, -1.0] => -1.4399117849363843, [-Inf, -2.0] => -2.4270176906430416, [1.0, 2.0] => 1.3526378568771724, [0.0, 1.0] => 0.28914500662573894)
Γ = [-0.004505987539454516 0.003530464463902507 0.0005574417574582906 0.0004180813180937179 0.0 0.0; 0.18990166626192828 -0.21278374139338618 0.02209978196457044 0.0005867198751655869 0.0001955732917218623 0.0; 0.09217845256709238 0.0923510713921244 -0.21292532067698214 0.02839579671776535 0.0 0.0; 0.07884173387492975 0.02206015016796064 0.1441677419427287 -0.25493455229312256 0.009787249722405071 7.767658509845294e-5; 0.0600380581421387 0.02287164119700522 0.022351831169800555 0.13748975219563364 -0.2508083381262504 0.008057055421672293; 0.07136031770094114 0.019822310472483652 0.007928924188993462 0.027751234661477112 0.15064955959087575 -0.2775123466147711]

8 types (manual)
--------------
type_space = [-2.4270176906430416, -1.4399117849363843, -0.6588015552361666, -0.13202968692343608, 0.08165101396850624, 0.7981793588605735, 1.3526378568771724, 2.1758707012574643]
discretization_table = Dict([0.5, 1.0] => 0.7981793588605735, [-1.0, -0.5] => -0.6588015552361666, [2.0, Inf] => 2.1758707012574643, [0.0, 0.5] => 0.08165101396850624, [-2.0, -1.0] => -1.4399117849363843, [-Inf, -2.0] => -2.4270176906430416, [-0.5, 0.0] => -0.13202968692343608, [1.0, 2.0] => 1.3526378568771724)
Γ = [-0.005658371347453866 0.004174208371072524 0.00046380093011916935 0.00023190046505958467 0.00018552037204766774 0.00046380093011916935 0.0001391402790357508 0.0; 0.1855391153082785 -0.20575569915551453 0.01681566320003746 0.0034009206471985872 0.0 0.0 0.0 0.0; 0.10609090344792173 0.14819046830820812 -0.28354056933402894 0.021470778078746065 0.007788419499152984 0.0 0.0 0.0; 0.09268640922058743 0.055220636662265565 0.10231616602272639 -0.2909992133646365 0.034456473557653446 0.006319527901403689 0.0 0.0; 0.08032478633660367 0.023877032523837983 0.06526388889849048 0.12575237129221337 -0.3183604336511731 0.019101626019070384 0.004040728580957197 0.0; 0.06798187461763164 0.01821321251438106 0.012918673992758659 0.04892153593979099 0.10398473656466396 -0.27192749847052655 0.019907464841300227 0.0; 0.06567576579202417 0.021376817885247083 0.00927187281769753 0.013135153158404833 0.04841978027019821 0.08859789581355416 -0.2524009822595438 0.005923696522417866; 0.09538211238230597 0.022442849972307284 0.011221424986153642 0.016832137479230465 0.011221424986153642 0.005610712493076821 0.19637493725768876 -0.35908559955691655]
